0 48
1 32
2 41
3 51
4 41
5 38
6 37
7 85
8 21
9 37
10 40
11 25
12 80
13 49
14 39
15 74
16 47
17 67
18 49
19 60
20 44
21 46
22 29
23 28
24 34
25 49
26 37
27 34
28 43
29 41
30 47
31 38
32 46
33 45
34 40
35 47
36 49
37 53
38 30
39 40
40 22
41 38
42 27
43 48
44 35
45 51
46 44
47 51
48 45
49 51
50 60
51 48
52 59
53 51
54 61
55 41
56 59
57 33
58 50
59 75
60 72
61 75
62 154
63 84
64 66
65 87
66 63
67 77
68 89
69 55
70 36
71 73
72 52
73 57
74 53
75 42
76 60
77 52
78 60
79 44
80 51
81 63
82 57
83 63
84 59
85 58
86 55
87 52
88 52
89 40
90 38
91 43
92 48
93 30
94 20
95 16
96 82
97 25
98 46
99 57
100 35
101 42
102 55
103 43
104 42
105 47
106 62
107 36
108 59
109 38
110 47
111 36
112 54
113 46
114 51
115 45
116 52
117 53
118 30
119 50
120 70
121 19
122 46
123 47
124 41
125 58
126 45
127 47
128 58
129 38
130 45
131 36
132 38
133 52
134 39
135 42
136 43
137 37
138 52
139 21
140 36
141 55
142 25
143 38
144 43
145 72
146 54
147 62
148 35
149 52
150 31
151 52
152 47
153 36
154 43
155 48
156 62
157 39
158 52
159 68
160 44
161 39
162 31
163 58
164 45
165 60
166 41
167 54
168 30
169 46
170 49
171 34
172 68
173 37
174 49
175 46
176 63
177 78
178 53
179 96
180 73
181 102
182 79
183 99
184 101
185 95
186 111
187 75
188 91
189 38
190 55
191 47
192 41
193 52
194 53
195 53
196 49
197 42
198 48
199 96
200 65
201 83
202 95
203 96
204 93
205 79
206 77
207 82
208 61
209 53
210 51
211 50
212 47
213 49
214 35
215 46
216 49
217 60
218 48
219 54
220 52
221 89
222 43
223 78
224 30
225 17
226 46
227 46
228 55
229 48
230 46
231 46
232 38
233 44
234 46
235 47
236 44
237 38
238 42
239 47
240 55
241 37
242 47
243 38
244 46
245 49
246 39
247 40
248 62
249 44
250 50
251 38
252 14
253 17
254 36
255 56
256 46
257 52
258 45
259 53
260 53
261 20
262 45
263 64
264 39
265 31
266 46
267 68
268 39
269 28
270 58
271 50
272 50
273 27
274 42
275 36
276 53
277 35
278 40
279 26
280 37
281 41
282 48
283 38
284 39
285 28
286 61
287 62
288 52
289 90
290 103
291 59
292 114
293 96
294 91
295 91
296 97
297 63
298 86
299 40
300 44
301 30
302 39
303 33
304 44
305 50
306 35
307 37
308 41
309 62
310 41
311 59
312 53
313 45
314 61
315 37
316 42
317 34
318 38
319 48
320 44
321 22
322 53
323 38
324 47
325 52
326 43
327 60
328 77
329 19
330 60
331 48
332 29
333 54
334 46
335 32
336 32
337 37
338 37
339 47
340 48
341 64
342 47
343 47
344 56
345 47
346 49
347 32
348 44
349 48
350 79
351 56
352 49
353 46
354 45
355 56
356 76
357 84
358 52
359 45
360 109
361 78
362 66
363 70
364 70
365 63
366 49
367 49
368 80
369 46
370 54
371 49
372 34
373 43
374 54
375 50
376 48
377 29
378 58
379 49
380 53
381 54
382 36
383 44
384 44
385 46
386 31
387 61
388 30
389 55
390 43
391 51
392 53
393 38
394 45
395 43
396 42
397 43
398 51
399 51
400 45
401 36
402 32
403 58
404 47
405 58
406 50
407 51
408 19
409 91
410 99
411 34
412 73
413 44
414 45
415 46
416 38
417 40
418 69
419 83
420 37
421 37
422 44
423 50
424 48
425 48
426 77
427 43
428 42
429 43
430 40
431 59
432 56
433 37
434 48
435 32
436 48
437 48
438 46
439 46
440 48
441 71
442 50
443 46
444 53
445 87
446 48
447 40
448 47
449 87
450 54
451 103
452 116
453 108
454 103
455 78
456 79
457 84
458 77
459 46
460 38
461 50
462 34
463 37
464 45
465 49
466 59
467 45
468 35
469 126
470 99
471 97
472 96
473 69
474 88
475 78
476 80
477 97
478 87
479 41
480 26
481 28
482 39
483 37
484 27
485 43
486 39
487 24
488 30
489 43
490 50
491 45
492 83
493 42
494 49
495 70
496 46
497 38
498 47
499 53
500 45
501 42
502 35
503 78
504 52
505 58
506 47
507 59
508 40
509 32
510 55
511 50
512 38
513 45
514 45
515 39
516 39
517 42
518 56
519 48
520 76
521 20
522 51
523 49
524 10
525 73
526 46
527 9
528 13
529 44
530 31
531 19
532 28
533 28
534 60
535 54
536 68
537 43
538 61
539 34
540 40
541 39
542 47
543 45
544 51
545 65
546 36
547 30
548 55
549 46
550 54
551 55
552 15
553 50
554 41
555 42
556 44
557 56
558 55
559 62
560 50
561 44
562 65
563 52
564 46
565 48
566 52
567 34
568 36
569 53
570 62
571 42
572 79
573 69
574 62
575 62
576 81
577 42
578 65
579 64
580 38
581 49
582 47
583 42
584 49
585 54
586 47
587 50
588 50
589 28
590 55
591 40
592 52
593 38
594 35
595 53
596 77
597 50
598 50
59