0 738 1
0.9 764 1
0306 728 1
06 762 1
1 700 1 704 1 705 1 706 1 726 1 729 2 733 1 735 1 737 1 749 1 753 1 757 1 760 1 764 1 771 1 777 1 789 1 790 3 792 1 793 1 794 1 795 1
1,929 766 1
1-18 730 1
10/15/2016 794 1 795 1
100 772 1
1000 754 1
11 721 1 737 3 749 1
11.61 763 1
12 749 1 751 1 772 1
12.39 763 1
121 764 1
13 737 1
1314 726 1 728 1
15 754 1 764 1
15’ 714 2
15′ 709 2
16 761 1
18 732 1 734 1 735 2 736 1 766 1
19,394 766 1
1914 740 1 746 1
2 700 1 704 1 705 1 706 1 726 1 729 2 733 1 737 1 748 1 749 1 753 1 755 1 757 1 760 2 770 2 771 1 774 1 775 1 777 1
2,004 766 1
2.5 765 2
20 796 1
200 751 1 794 1
2000 763 1
2010-2014 763 1
2015 761 1
2016 721 1 722 1 764 1 798 1
2017 762 1
2018 764 1
22 760 1
225 714 1
232.55 759 1
24 754 1 758 2
25 791 1 797 1
28 740 1 746 1
3 700 1 704 1 705 1 706 1 726 1 729 2 732 1 733 1 734 1 737 1 748 1 749 1 753 1 757 1 760 1 771 1 777 1
3,000 758 1
3,301 764 1
3,516 765 1
3,981.08 759 1
3.1 765 2
300 754 1
320 749 1
360 754 1
3” 715 1
4 700 1 704 1 705 1 706 1 729 1 732 1 733 1 734 1 737 1 749 2 750 1 751 1 753 1 754 1 757 1 758 1 760 1
4,000 758 1
4000 754 1
43.52 763 1
48 766 2
480 749 1
5 705 1 726 1 729 1 749 1 753 1 760 1 765 1
50 751 1
587 764 1
6 705 1 729 1 747 1 749 1 750 1 760 1
60 754 1 772 1
64.1 761 1
7 722 1 728 1 729 1 738 1 760 1
70,693 763 1
76,908 768 1
8 730 3 755 1 760 1
82.73 759 1
8:30-9:30 762 2
8th 728 1
8” 715 1
9.4 761 1
9/5/16 794 1
900 728 1
95336 760 1
95337 760 1
9600 723 1
986 766 1
a 699 1 700 1 701 3 704 6 705 1 706 6 707 1 709 1 710 2 712 1 714 3 715 2 718 3 719 1 720 2 724 2 728 1 730 1 732 5 734 3 735 3 736 2 737 1 738 1 739 4 740 1 741 1 742 4 744 2 746 3 747 2 748 1 750 1 751 2 752 1 755 2 756 2 762 1 767 1 770 1 772 1 773 2 774 1 775 1 776 1 778 1 779 3 780 1 781 2 783 2 784 3 785 2 786 1 787 1 793 1 796 1 797 2
abilities 727 1
ability 699 2 701 1 703 1
able 726 1
about 702 1 704 1 705 2 707 1 728 1
above 711 2 754 1
absorbed 755 1
accessible 722 1
accessories 711 1
accident 779 2
accidental 779 1
according 764 1 768 1 789 1 790 2
account 721 1
accuplacer 719 1 721 1 722 1 726 2
acetaminophen 750 1 751 1 752 2 754 1 755 1 756 1 758 1
acid 729 1 733 1
across 729 1 733 1 736 1 745 1
act 785 1
acts 780 1 786 1
actually 701 1 708 1
adapt 727 1
add 760 1
addition 779 1
address 793 1
adjuster 786 1
admission/placement 727 1
adults 772 1
affiliated 743 1
after 702 1 751 2 755 1 793 1 794 1 795 1
again 776 1 789 2
against 773 1 779 1 784 1 785 1
age 749 2 751 1 761 1
agency 782 2 788 2
ages 772 1
ago 737 4 741 1
agreements 780 1 786 1
air 710 1 714 1
algebra 719 1 723 2 727 1
alkali 738 1
all 703 1 704 1 706 1 711 1 728 1 748 1 765 1
all-purpose 711 1
allergic 776 1
almost 717 1 728 1
alphabetically 783 1
also 699 1 705 1 709 1 732 1 734 1 765 1 769 1 772 1 773 1 775 1 785 1 787 1
always 712 1
am 762 2
amazon.com 793 1 794 1 795 1
america 796 2
american 767 1
america’s 796 1
among 752 1
amount 779 1 780 3 785 1 786 3
amplify 770 1 774 1 775 1
an 702 1 703 1 704 1 709 2 715 1 717 1 727 1 730 1 743 1 771 2 773 1 774 1 776 1 777 2 779 2 780 1 782 2 784 2 786 1 788 2
and 699 2 701 2 709 1 710 2 711 1 712 1 713 2 715 2 716 1 718 1 719 2 722 2 723 1 724 1 725 1 727 2 728 1 729 1 730 1 731 1 732 2 734 2 735 1 736 1 737 1 738 1 740 1 741 1 744 1 745 1 746 1 747 3 748 2 749 1 750 1 751 1 752 2 753 1 754 1 756 2 757 1 759 1 761 2 762 1 763 1 764 1 766 3 767 2 769 1 770 3 772 3 773 1 775 2 776 1 778 1 780 2 781 1 782 2 783 2 785 1 786 2 787 2 788 2 793 1 794 3 795 2 796 1 798 1
annual 789 1 790 2
another 701 1 707 1 748 1 774 1 776 1 781 1
answer 708 1 721 1 724 1 737 4 739 1 742 1
answers 721 2
antiderivative 737 1
any 704 1 706 1 715 1 757 1 783 1 788 1
anyone 699 1
appliance 709 2 710 2 713 1 714 1 715 1 717 2 718 2
approximately 765 2
arc 737 1
archduke 739 2 740 1 741 1 742 2 743 1 746 1 747 1 748 1
archduke's 744 1 745 1 748 1
are 702 1 705 1 710 1 711 1 722 3 725 1 730 3 731 2 732 3 734 2 735 4 738 3 750 2 751 1 752 1 756 1 762 1 770 1 776 1 788 1 793 1 795 1 796 1
area 709 1 714 2 765 1
aren’t 713 1
around 710 1 714 1
art 700 1
arteries 773 1 778 2
artery 773 1
article 701 1
articles 701 1
as 701 1 704 2 706 2 710 1 730 2 731 2 732 2 734 1 735 1 749 1 755 2 758 1 763 1 764 1 769 2 771 1 773 1 777 1 778 1 779 3 784 1 785 1
ask 746 1 762 1
asked 737 1
assasination 742 1 748 1
assassin 743 1
assassinated 739 2
assassins 740 1
assess 756 1
assessment 727 1
assist 783 1
associate’s 728 1
at 705 1 712 1 714 1 716 1 720 1 724 1 741 1 748 1 750 1 765 1 767 1 769 1 770 1 781 1 794 1
ate 776 1
atomic 729 1 730 1 733 1
atoms 732 1 735 1
atoms/sub-atomic 708 1
attempt 748 1
attempts 748 1
augustine 798 1
austria 740 1
austrian 745 1
austro-hungarian 740 1 741 1 746 1
available 787 2
average 759 2 763 2 765 1
awards 789 1 790 2 797 1 798 1
away 713 1 715 1
b 785 1
bachelor’s 728 1
back 733 1 753 1 755 1
bahia 791 1 792 2
balance 730 1
base 733 1
based 749 2 751 1 754 1
basic 711 1 767 1
bay 712 1
be 701 1 709 1 711 1 723 2 726 1 750 1 754 2 755 1 769 1 781 1 793 2 794 4 795 2 796 1
beach 789 4 790 5 791 2 792 2 797 1 798 2
beaches 791 3 792 2 796 2 797 2 798 1
beats 769 2 772 1 773 1 778 1
beautiful 796 2
became 703 1 745 1
because 783 1
before 719 2 726 2 728 1 753 1 757 1 794 1
beginner 701 1
beginners 701 1 707 1
behalf 780 1 786 1
being 731 1
believe 699 1 700 1
below 702 1 723 1 726 1 728 1
benefit 779 1 787 1
benefits 787 2
best 742 1 787 1 789 2 790 1 791 1 792 1 797 1
better 705 1 715 1
between 732 1 734 1
big 791 1 792 1
bigger 765 2
binds 782 1 788 1
bite 716 1
black 715 1 739 2 742 1 743 1 747 2
block 731 1
blood 716 1 751 1 752 1 756 1 769 1 771 1 773 8 777 1 778 2
bluetooth 774 1
board 721 1 722 1
bodily 779 1
body 779 1
book 794 1
booking 793 1
bookings 793 1 794 1 795 1
bore 796 1
bosnian 740 1 744 1 746 1
both 699 1 722 1
bottle 753 1 757 1
bpm 769 1
brain 700 1 703 1 707 1 708 1
brains 701 1
breakdown 705 1
breath 771 1 777 1
breathtaking 796 1
breezy 714 1
bring 770 1
broadly 722 1
broglie 737 1
brokerage 782 1 788 1
bug-free 713 1
build 704 1 706 1 774 1
bureau 767 1
business 767 1 785 1
but 703 1 715 1 748 1 769 1 772 1
butane 710 2 717 1 718 1
by 702 1 714 1 715 1 716 1 730 1 732 1 735 1 739 1 740 2 742 1 747 2 753 1 757 1 767 1 773 1 774 1 779 1 783 2 788 1 790 1 793 1 794 3 795 2 796 1
c 785 1
ca 761 1 763 1
cabrinovic 748 1
calculator 719 1
calculators 723 1
california 760 1 764 2 765 1 768 1
called 699 1 736 2 738 2 747 2 769 1 782 1 785 1 788 1
calls 775 1
calusa 791 1 792 1
can 701 2 704 1 705 2 706 1 726 3 769 1 771 1 772 1 775 1 777 1 782 1 788 1
cancelling 775 1
candles 712 1 713 1
cannot 773 1 776 1
cant 708 1
cap 753 2 757 1
capes 796 1
car 748 2
card 793 1 794 1 795 1
care 750 2 773 1 787 1
carefully 749 2
carpet 796 1
carrier 784 1 788 1
carrying 718 1
cartridge 710 2 718 1
cause 771 1 777 1
census 767 2 768 1
centennial 744 1
center 711 1 720 1 762 1
centuries 703 1
chair 704 1 706 1
chance 700 1 755 1
change 701 1 707 1 765 2
changes 780 1 786 1
changing 796 1
channels 701 1 707 1
characteristics 732 1 735 1
charge 732 1
charged 722 1
chart 761 1
checked 777 1
cheek 753 1
chemical 732 3 734 1 735 3
chemistry 732 1 734 1 735 1
chest 771 1 777 1
child 757 1
child's 753 1
children 710 1 749 1 751 1 755 1
children—dose 749 1
choice 724 1 789 1 790 2 797 1 798 1
choices 712 1
cities 763 1
citronella 713 1
city 748 1 760 2 762 2
claim 780 1 786 1
classes 725 2
classification 731 1
clear 775 1
clearly 722 1
clearwater 789 1 790 2 798 1
clip 711 1
coast 798 2
coasts 796 1
codes 760 1
coffee 762 2
coils 712 1
college 721 1 722 1 723 1
color 770 2
colors 770 1
column 732 2 734 1 735 1
columns 730 1 731 1 732 1 734 1 735 1 736 1 738 2
come 715 1
comes 710 1
common 738 1 752 1
commonalities 730 1
commonly 783 1
community 787 1
companies 782 1 783 1 788 1
company 780 2 784 1 786 2
compared 765 1
comparing 765 1
compass 720 2 723 1 724 1 725 1 727 2
completed 794 1 795 1
computer 724 1
computer-adaptive 727 1
concentrate 700 1
concerned 745 1
concessions 742 1
conditions 714 1
conducted 767 1
confirmed 793 1 794 1 795 1
connect 703 1 774 2 775 2
connecting 774 1
consequently 724 1
considered 744 1 796 1
consists 736 1
conspirators,nedjelko 748 1
constantly 796 1
contain 783 1
contains 717 1
contingencies 785 1
contingent 784 1
contract 778 1
contracts 773 1
control 701 1 708 1 770 1
conversation 762 1
conveyed 754 1
coordinated 740 1
core 732 1
country’s 796 1
coverage 783 1 787 1
covering 712 1
coves 796 1
creating 721 1
credit-level 728 1
critters 712 1
crystal 775 1
cuff 773 1
current 724 1 727 1
d 785 1
damage 750 1 751 2 756 1 785 1
danger 750 1
danilo 740 1
day 720 1 726 1 749 2 758 1 797 1
de 737 1
dead 740 1
death 741 1 745 1 785 1
decent 776 1
decide 756 1
decision 755 1
deck 714 1
decrease 727 1
decreases 733 1
decreasing 729 1 733 1
define 783 1
definition 782 1 788 1
degree 728 1
delivered 793 1 794 1 795 1
density 759 3 765 2
depending 746 1
depends 731 1
descartes 739 1
designed 727 1
detailed 787 1
determine 703 1 724 1 725 1 754 1
determined 724 1
develop 701 1 716 1
device 709 1 715 1 757 1 773 1
devices—the 723 1
diagnosis 756 2
did 705 1
didn 747 1
die 781 1
dies 779 1
differences 782 1 788 1
different 724 1 750 1 782 1 788 1
difficult 742 1
dimension 774 1
directly 726 1 788 1
discuss 782 1 788 1
divided 783 1
dizziness 771 1 777 1
do 705 1 737 1 757 1 772 1
doctor 753 1 757 1
documents 783 1
does 705 2 708 1
dominated 732 1 735 1
done 777 1
don’t 710 1
dosage 754 1
dose 749 3 753 2 754 1 757 2 758 1
doses 754 1
dosing 757 1
double 779 1
drab 713 1
dream 705 1
dreamed 701 1
dreamin 705 1
driving 748 1
dropper 753 3 757 3
drug 750 1 751 1 752 1 755 1 756 1
drumbeats 745 1
duchess 740 1
due 703 1 742 1 747 1
duration 780 1 786 1
during 721 1 746 1
e 785 1
each 710 1 724 1 731 1 732 1 753 1 757 1 769 1 773 1 782 1 788 1
easily 700 1
east 798 1
easy 709 1
echo 775 1
economic 767 1
economy 767 1
ecosystem 774 1
educated 763 1
effective 709 1 714 2
eggs 716 1
either 746 1 776 1
el 723 1
electron 732 2 735 2
electronic 720 1 723 1 773 2
electrons 730 1
element 730 1
elements 729 1 730 1 731 1 732 4 733 1 734 2 735 3 736 2 738 2
elevate 774 1
elevation 760 1
eligible 793 2 794 1 795 1
eliminate 742 1
elusive 699 1
email 793 1 794 1 795 1
emergency 771 1 777 1
emits 715 1
emotions 772 1
empire 741 1 746 1
employed 788 1
employees 787 3
employment 761 1
enabled 774 1 775 1
energies 729 1 733 1
england 796 1
enhancing 700 1
enjoy 713 1 791 1 792 1
enough 771 1 777 1
ensure 722 1 725 1
entirely 717 1
entity 784 1
enumerations 767 1
equation 737 1
equations 719 1
especially 719 1
establish 756 1
estate 760 1 764 1
estimated 768 1
etc 785 1
europe 745 1
eve 744 1
even 750 1
event 762 2
every 749 1 750 1 754 1 762 1
evidence 699 1
exam 722 1
example 745 1
exception 717 1
exclusions 783 1
exercise 772 1
existence 699 1
expand 778 1
experience 774 2 775 1
exploded 748 1
explore 787 1
exponents 719 1
extra 758 1
eyes 707 1
f(x)=xex−4x2−x 737 1
f-block 732 1 734 1 735 1
fabled 796 1
fabric 710 1
fabulous 797 1
face 779 1 780 1 786 1
fact 742 1 747 1
factoring 719 1
failed 748 1
fainting 771 1 777 1
fairness 722 1
fairytale 796 1
fakery 699 1
families 730 1 736 1
family 732 1 734 1 766 1
faster 772 1
favorite 760 1
fear 705 1
features 738 1 775 1
february 764 1
federal 787 2
feel 705 2
feels 769 1
fees 794 1
female 716 1 766 3
females 772 1
ferdinand 739 2 740 1 741 1 742 1 743 1 746 3 747 1
fever 752 1
fiction 701 1
fighter 742 1
figure 765 1
filled 731 1
financial 781 1 784 1 785 1
find 737 1 771 2 777 2
fine 797 1
finest 796 1
fire 713 1
fired 746 1
first 704 1 706 1 708 1 729 1 733 1 748 1 791 1 792 1
fishing 796 1
fit 718 1
five-year 767 1
flames 710 1
flies 715 1
florida 789 2 790 2 791 1 792 2 798 1
florida's 798 1
florida’s 796 1
flow 778 1
fluctuate 772 1
fluffy 745 1
follow 702 1 726 1 749 2
following 719 1 772 1
food 758 1 776 2
foot 714 1
for 699 2 701 1 707 1 712 1 713 2 714 1 720 1 724 1 728 1 738 1 745 1 749 2 750 2 751 3 752 2 753 1 755 1 756 3 758 2 760 2 761 1 764 1 772 1 775 1 780 1 785 3 786 1 787 1 791 1 792 1 793 1 797 1 798 2
force 761 2 773 1
form 749 1 755 2 779 1 784 1
forming 729 1 733 2 747 1
formula 719 4
formulas 719 1
fort 798 1
forum 707 1
found 709 1
fractions 719 1
framework 731 1
franz 739 2 740 1 741 1 742 1 743 1 746 3 747 1
frauds 699 1
free 704 1 706 1 762 1
freedom 742 1 747 1
freedom-fighter 744 1
freely 704 1 706 1
from 701 1 704 1 706 1 707 1 718 1 729 3 733 3 750 1 772 1 784 1 787 1 796 1
front 704 1 706 1 717 1
full 770 1
function 700 1
fyi 716 1
gases 738 1
gavrilo 739 4 740 1 742 1 743 1 744 1 746 1 747 1
general 708 1 762 1 772 1
geometry 723 1
get 704 1 706 1 728 1 747 1 776 1
getting 798 1
gift 793 1 794 1 795 1
give 742 1 753 1
gives 762 1
giving 757 1
glossary 783 1
glowing 770 1
goes 729 1 733 1
good 701 1 705 1 755 1
government's 767 1
governmental 767 1
grabez 748 1
grade 728 1
grams 758 1
great 714 1 787 1
greater 742 1 750 1 751 1
grenade 748 1
group 732 3 734 2 735 5 736 1 738 4 739 2 740 1 742 1 747 2 767 1
grouped 730 1
groups 722 1 729 4 730 1 731 2 732 2 734 2 735 1 736 1 738 1
growth 763 1
guaranteeing 785 1
guidance 754 1
guide 769 1 783 1
gulf 798 1
had 701 1
hall 748 1
halo 703 2
halogens 738 1
hand 739 2 742 1 743 1 747 2
handheld 709 1
hands 707 1
hard 715 1 717 1 769 1
hardly 715 1
has 724 2 730 1 765 1 776 1 791 1 792 1 793 1 794 1 795 1 796 1
have 703 2 708 1 720 1 725 1 732 1 735 1 736 1 750 1 755 1 762 2 772 1
haven’t 701 1
having 776 1 785 1
hawaii’s 796 1
he 742 1 748 1
he's 746 1
health 750 2 773 1 779 1 781 1 785 1 787 3
healthy 772 1
heart 769 3 771 2 772 3 773 3 777 2 778 3
heartbeat 769 1 771 1 777 1
heat 710 1 717 1
hedge 784 1
heir 740 1 741 1 745 1 746 1
hello 789 1 790 1
help 756 1 771 2 777 2 787 1
helping 722 1
helps 725 1
her 773 1
here 702 1 704 1 716 1
hero 744 1 746 1
high 750 1
higher 751 1 759 2 763 2 798 1
highest 765 1 773 1
his 740 1 741 1 746 1 747 1 748 1 773 1
history 699 2
hohenberg 740 1
holster 711 1
home 766 1 790 2
homes 766 3
honda 791 1 792 2
hoped 742 1
horizontal 731 1
hotel 794 1 795 1
hour 776 1
hours 749 1 750 1 751 2 754 2 755 2 758 2
households 766 2
housing 764 1 767 1
how 700 1 701 5 702 2 704 1 705 1 707 1 708 2 737 1 771 1 777 1
however 726 1 755 1
https://tr.im/getfreeinsurancequ 782 1
huge 742 1
human 703 1
humans 705 1
hundred 741 1
i 701 1 709 1 738 1
i.e 732 1
if 701 1 712 1 713 1 721 1 726 3 728 1 750 2 751 1 755 1 771 1 776 1 777 1 779 1 781 1
ii 719 1
ilić 740 1
illness 772 1
important 756 1
in 699 1 701 2 704 1 706 1 708 1 710 1 711 1 712 1 713 1 714 1 716 2 725 2 727 1 729 1 730 1 731 2 732 5 733 2 734 3 735 4 736 1 738 3 739 2 740 1 741 1 742 1 745 2 748 2 754 1 755 2 756 2 758 1 761 1 763 2 764 3 765 1 766 3 771 1 772 1 773 1 777 1 779 1 780 1 781 2 783 1 785 2 786 1 789 3 790 3 791 3 792 2 793 1 796 1 797 2 798 2
inactive 703 1
included 718 1 748 1
includes 718 1
increase 727 1 729 1 733 1 758 1 772 1
increases 729 1 733 1
indeed 745 1
indemnity 779 1
independence 747 1
independent 782 1 788 1
indicate 772 1
indicates 765 1
information 754 1 787 1
ingestion 751 1 755 1
initial 721 1
injury 772 1 779 2
inner 753 1
insecticide 717 1
insert 753 1 757 1
instead 748 1
instructions 749 2
insurable 781 1
insurance 779 2 780 3 781 1 782 3 783 2 784 4 785 1 786 3 787 3 788 4
insured 779 1 781 1 783 1
insurer 784 1
intelligence 787 1
interactive 774 1
interest 781 2
into 710 1 718 1 720 1 726 1 728 1 753 1 770 1 773 1
investigates 780 1 786 1
invited 762 1
involve 712 1
involving 785 1
ionization 729 1 733 1
irregular 771 1 777 1
is 699 3 700 1 701 4 702 1 704 1 705 1 708 2 709 2 710 1 711 1 712 1 714 1 715 2 716 2 717 2 718 2 720 1 723 1 724 3 725 1 727 1 728 1 731 2 732 2 734 1 735 2 737 2 744 1 749 2 750 1 751 2 752 2 755 3 756 1 758 2 759 3 761 2 762 1 763 4 764 1 765 3 767 1 768 1 769 3 771 2 773 2 777 4 778 1 783 1 784 3 787 1 789 1 790 2 791 2 792 2 793 1 794 1 795 1 797 1
island 791 1 792 1
isn’t 701 1
issue 781 1
it 699 1 701 2 705 1 708 1 709 1 718 1 724 2 730 1 748 1 750 1 758 1 763 1 765 1 773 1 777 1 784 1 796 1
item 782 1 788 1
its 699 1 776 1
it’s 700 1 708 1 710 1 714 1 715 2 796 1
jbl 770 1 774 3 775 2
ju 741 1
june 740 1 746 1
just 713 1 737 1 742 1 770 1
keep 712 1
keeping 713 1
keeps 715 1 730 1
key 700 1 791 1 792 1
keys 791 1 792 1
kill 748 1
killed 742 1 743 1 746 1 747 1
killer 744 1
killing 747 1
kit 711 1 718 1
knowledge 725 1
known 701 1 732 1 734 1 738 1 784 1
knows 708 1
label 749 2
labor 761 2
landscape 796 1
language 783 1
largely 745 1
later 776 1
lauderdale 798 1
lead 766 1
learn 700 2 701 1 750 1
learning 745 1
least 716 1 763 1
led 766 3
left 729 3 733 4
legacy 746 2
length 737 1
lens 770 2
less 714 1 745 1
let 702 1
let’s 782 1 788 1
level 724 1 750 1 751 2 752 1 756 1
levels 751 1
liability 783 1
life 770 2 779 1 780 1 781 2 785 1 786 1 787 1
light 711 1 770 1 774 1
lighting 712 1
lightweight 709 1
like 704 1 705 1 706 1 712 1 719 1
limitations 783 1
line 737 1
link 775 1
liquid 753 1 755 1
list 791 1 792 1
listed 723 1
listening 774 1 775 1
lists 764 1
little 714 1
liver 750 1 751 2 756 1 758 1
living 764 1
local 760 1
located 791 2 792 2
location 732 1 735 1
locations 767 1
log 720 1
look 704 1 706 1
looking 712 1 765 1
losing 781 1
loss 779 1 784 2 785 1
made 717 1 747 1 748 1 755 1 793 1 795 1
magnet 712 1
major 700 1
make 793 1
making 702 1 706 1 742 1
male 766 3
males 772 1
man 746 2 747 1
management 784 1
maneuver 702 1 704 1
manteca 759 1 760 2 761 1 763 1 764 2 765 3 766 1 768 1
manual 721 1 722 1
many 699 1 701 1 703 1 738 1 745 1 782 1 788 1
marks 798 1
mat 710 2 717 1 718 2
match 721 1
math 725 1 726 1 727 1 728 3
mathematics 726 2 728 1
mats 710 1 718 1
matter 708 1
matter” 708 1
maximum 749 2 754 1 758 1
may 723 1 726 1 750 3 754 1 755 1 758 2 772 1 773 1
mcg/ml 751 2
me 699 1 702 1 711 1 712 1
meal 716 1
mean 705 1 750 1
means 730 1 750 1 751 1 784 1
measure 727 1 753 1 756 1 757 1 767 1 773 1
measured 773 1
measurement 778 1
measures 772 1
median 764 1
medicine 752 2 753 1 757 1 758 1
meditate 705 1
meet 723 1 787 1
member 739 2
memorize 719 1
metal 717 1
metalloids 729 1
metals 729 3 738 1
methods 713 1
mg 749 1 754 6
mid-atlantic 796 1
mile 759 3
milligrams 758 2
mind 699 1 700 2 701 3 702 2 703 1 705 1 706 1 707 1 708 1
minute 769 1 772 1 778 1
minutes 726 1 737 4
missed 748 1
models 723 1
modern 735 1
monitoring 773 1
monitors 773 1
month 747 1 762 1
more 701 1 737 1 742 1 755 1 758 1 763 1 794 1
morning 776 2
mortgages 764 1
mosquito 709 1 710 1 711 2 712 2 713 1 714 1 715 1 716 1 717 1 718 1
mosquitoes 709 1 713 1 714 1 715 1 716 2
mosquitos 709 1
most 732 1 735 1 763 1 768 1 796 1
mostly 712 1
motorcade 748 1
mouth 753 1
move 699 1 700 2 701 3 702 2 703 1 705 1 706 1 707 1 708 1
move/control 708 1
movement 714 1
moving 701 1 707 1 714 1 733 1
much 704 1 706 1 759 2 763 2
multi-coloured 770 1
multiple 724 1 774 1 775 1
museum)/handout 741 1
music 770 1 774 1
must 711 1 720 1 721 1 723 1 754 1 781 1 793 1 794 1 795 1
muzej 741 1
name 715 1
named 789 1 790 1 798 1
names 729 1 752 1
national 759 1 763 1
nationalist 739 2 741 1
nature 796 1
near 791 1 792 1
nedjelko 748 1
need 702 1 715 1 716 1 750 1 756 1
needed 749 1
needle 704 1 706 1
needs 787 1
neither 712 1
nervous 705 1
neutral 730 1
never 796 1
new 721 1 789 1 790 1 796 1
next 713 1 724 1 726 2 776 1
nga 787 1
night 705 1
nile 716 2
nineteen-year-old 746 1
no 701 1 708 1 710 1 715 1 789 1 790 3
no-one 708 1
noble 738 1
noise 775 1
nonmetals 729 1
normal 750 1 772 1
northwest 791 1 792 1
not 699 1 718 1 732 1 734 1 735 1 750 1 757 1 758 1 772 1 776 1 788 1
noted 769 1
now 702 1
nucleus 730 2
number 720 2 724 1 730 1 731 1 754 2 764 2 769 1 778 1 783 1
numbered 732 3 734 2 735 2
numbering 735 2
number” 720 1
nurse 773 1
object 703 1
objects 699 1 700 1 702 1 708 1
obtain 742 1 780 1 786 1
obviously 748 1
odor 715 1
of 699 2 700 1 701 2 702 1 703 5 704 6 705 1 706 7 707 1 711 1 712 1 714 1 717 3 720 1 721 1 722 1 724 1 729 2 730 1 731 4 732 6 733 1 734 2 735 6 736 2 737 4 739 2 740 4 741 1 744 1 745 3 746 2 748 1 749 1 750 1 751 2 752 1 754 2 755 2 756 3 758 1 759 2 761 1 762 1 763 4 764 5 765 4 766 4 767 3 769 2 770 2 771 2 772 1 773 1 777 2 778 3 779 4 780 5 781 4 782 1 783 3 784 3 785 4 786 5 787 1 788 1 791 1 792 1 796 4 797 1 798 1
off 717 1
offenders 764 2
offer 793 1
offered 725 1
offers 774 1 787 1
official 767 1
old 766 1
old-fashioned 713 1
older 772 1
olive 713 1
on 703 1 704 2 706 2 714 1 720 1 723 1 726 1 729 3 730 1 731 1 733 3 740 1 744 1 745 1 746 2 748 1 749 2 751 1 756 1 776 1 780 1 783 1 786 1 791 2 792 2 793 2 795 2
on/off 717 1
once 724 1 789 2
one 701 1 702 1 710 1 716 1 740 1 741 1 758 1 773 1 776 1 788 1 796 1
only 708 1 716 1 772 1 793 1 794 1 795 1 798 1
open 710 1
opm 787 2
opportunity 762 1
oppression 703 1
options 787 1
or 699 1 701 2 707 1 712 2 714 2 717 1 723 1 725 1 727 1 728 1 730 1 732 1 735 1 736 1 746 1 749 1 751 1 757 1 758 1 769 1 771 2 773 3 776 1 777 2 778 1 782 1 784 1 785 2 788 1 794 1 796 1
oral 753 1
orbital 732 1 735 1
orbiting 730 1
order 716 1 756 1 793 1
organization 743 1
original 748 1
otc 752 1
other 702 1 704 1 706 1 713 1 748 1 752 1 757 1 764 1 773 1 787 1
our 701 1 764 1 783 1 791 1 792 1
out 718 1 750 1 771 1 777 1
outcome 756 1
outdoor 709 1
outermost 732 2 735 2
outing 713 1
outside 714 2
over 708 2 761 1
over-the-counter 752 1
overdosage 756 1
overdose 751 1 755 1
own 773 1 774 1
oxygen 730 2
p>beaches 796 1
pacific 760 1
pads 723 1
pages 726 2
paid 764 1
pain 752 2 771 1 777 1
palpitations 771 1 777 1
paper 704 1 706 1 723 2
paracetamol 752 1
park 791 1 792 2
part 703 1
participation 761 2
particles 708 1
partner 766 4
party 770 1
password 721 1
patients 753 1
patio 714 1
pawn 742 1
pay 728 1
payable 779 1 785 1
payment 780 1 785 1 786 1
peace 713 1
pecuniary 785 1
pen-input 723 1
people 699 1 705 1 748 1 759 3
per 749 2 754 2 758 1 759 3 772 1 778 1
perfect 797 1
period 729 1 733 1 736 1 780 2 786 2
periodic 729 9 730 1 731 3 732 3 733 3 734 3 735 2 736 2 738 2
periods 729 1 731 1 736 1 738 1
permission 720 1
permits 780 1 786 1
permitted 723 1
person 781 1
pesky 712 1
phenomenon 701 1
photo 711 1
photon 737 1
physical 732 1 735 1
piece 704 1 706 1 745 1
pine 791 1 792 1
pk 699 1
place 701 1 707 1 726 1 728 1 760 1
placement 725 1 727 1 728 1
placesin 765 1
plan 742 1 748 2
planned 742 1
planning 725 1
plans 787 1
plastic 717 1
plate 717 1
plenty—so 796 1
point 770 1
point-blank 741 1
point-slope 719 1
policies 782 1 788 1
policy 779 1 781 1 783 1 785 3
pond 745 1
population 722 1 759 1 763 2 765 4 766 5 767 1 768 1
port/industrial 760 1
portable 709 1 713 1 774 1
positive 756 1
possibility 781 1
possible 699 1
post 745 1
power 699 1 701 2 703 1 707 1 708 1
powers 703 1
practice 701 1 719 1
pre-algebra 723 1
predictable 736 1
pregnant 747 1
premium 780 2 785 1 786 2
premiums 785 1
preparatory 725 1
prescribed 753 1 757 1
prescriber 754 1
prescription 754 1
presence 752 1
present 716 1 766 1
pressure 773 6
presumptive 745 1
previously 776 1
primarily 784 1
princip 739 4 740 1 742 1 743 1 744 1 746 1 747 1
prism 770 1
problem 750 1
problems 758 1
product 712 1
profile 760 1
program 721 1 722 1 727 1 787 1
prompt 756 1
properties 729 2 732 1 733 2 735 1 736 2
property 764 1 785 1
props 798 1
protection 780 1 784 1 785 6 786 1
protons 730 1
proven 699 1
provide 721 1
provided 721 1 723 1 753 1 757 1
provider 750 2 773 1
provides 784 1
providing 785 2
psi 702 1 704 2 706 1
psychic 699 1
psychokinesis 699 1 701 1
published 745 1 793 1 794 1 795 1
pulse 769 2 770 2 771 1 772 4 773 1 774 1 775 1 776 2 777 2 778 1
pumping 771 1 777 1
pumps 773 1
purchased 711 1
pushes 778 1
pushing 773 1
pyramid 704 1 706 1
quadratic 719 1
quarters 767 1
question 708 1 724 2 745 1
questions 721 2 722 2 724 1 727 1 762 1
quick 783 1
radii 729 1 733 1
range 741 1
ranges 772 1
rapid 771 1 777 1
rapidly 755 1
rate 761 2 763 3 769 2 771 1 772 2 773 1 776 1 777 1 778 2
rates 761 1 772 1
ratio 764 1
raucous 796 1
reaction 776 1
read 719 1 726 3 728 1
reading 725 1 727 1
real 760 1 764 1
really 708 1
reason 716 1
received 755 1
recent 768 1
recommen 735 1
recovery 755 1
reduce 752 1
reference 783 1
referred 731 2 779 1
refills 711 1
registered 764 1
registration 720 2
regular 785 1
relax 704 1 706 1
relaxed 704 1 706 1
released 710 1
releases 717 1
reliever 752 1
religion 703 1
remains 699 1
remote 720 2
remove 753 1 757 1
removed 723 1
rent 760 1
repeat 750 1
repeated 754 1
repel 709 1
repellant 715 2
repellent 709 1 710 2 711 2 712 1 713 2 714 1 716 1 717 2 718 4
repelling 709 1 714 1
replace 753 1
representative 780 1 786 1
request 767 1
required 728 1
requirements 723 1
research 764 1
residents 761 1 764 1
resource 787 1
resting 776 1
result 776 1 779 2
resulting 773 1
results 750 2
return 785 2
returned 776 1
reuters 741 1
reuters/ju 741 1
revenge 747 1
review 711 1 712 1 719 1 760 1 782 1 788 1 793 1 794 2 795 2
reviewers 722 1
reviews 760 1
rhythm 769 1 772 1
rid 704 1 706 1
right 729 3 733 4
risk 750 1 751 2 756 1 758 1 783 1 784 2
rolled 748 1
rows 731 1 736 1
royal 745 1
s 768 1
safe 710 1 758 1
sale 760 1
same 732 1 752 1
sand 796 1 797 1
sandy 791 1 792 1
sarajevo 740 1 741 3 746 1 748 1
sarejevo 739 2
say 789 1 790 1
scheduling 720 1
schools 760 2
scientific 699 1
screen 752 1
second 762 1
secret 702 1 706 1
security 721 2
see 730 1 737 1 760 1 771 1 777 1
seems 699 1
selected 721 1
self-adjusting 724 1
senior 762 1
seniors 762 1
sensational 774 1
sensor 770 1
sent 711 1
separately 711 1
september 762 1
serb 740 1 741 1 746 1
serbia 742 1
serbian 739 2 742 1 743 1 744 1
serbians 747 2
serbs 744 1
serious 758 1
services 727 1
session 720 1
set-up 720 1
setup 721 1
seven 736 1
several 752 1 791 1 792 1
sex 764 2
shake 753 1 757 1
sharp 723 1
shell 731 1
shells 732 1 735 1
shifter 707 1
shifting 746 2
shoot 770 1
shore 796 1
shores 796 1
shortness 771 1 777 1
shot 740 1 741 1 746 2
shots 746 1
should 704 1 706 1 754 1 781 1
show 708 1 738 1 770 1 774 1
shown 711 1
shows 751 1 761 1
shuts 717 1
side 718 1 791 1 792 1
signifies 720 1
similar 732 1 735 1 736 1
similarities 738 1
simply 701 1
since 755 1
sit 704 1 706 1
sitting 714 1
situation 701 1 771 1 777 1
six 740 1
skills 727 1
slavs 742 1
slides 718 1
slip 718 1
slope 719 1
slope-intercept 719 1
slowly 753 1
slows 776 1
small 710 1 760 1
smallest 791 1 792 1
smelly 712 2
smoky 712 1
so 708 1 710 1 718 1 738 1
soaked 710 1
soft 769 1
solicits 782 1 788 1
some 725 1
something 705 1 715 1 781 1
sometimes 779 1 782 1 788 1
soon 755 1
sophie 740 1 741 1 746 1 747 1
sound 774 1
south 742 1
speaker 774 1
speakerphone 775 1
speakers 774 1 775 1
special 796 1
specific 738 1
specifically 720 1
specified 785 1
spinning 704 1 706 1
spoon 757 1
spray 715 1
sprays 712 1
square 714 1 759 3
ssu 720 1
st 798 1
staff 762 3
standard 760 1
state 759 1 763 1 764 1 765 1 785 1 791 1 792 2
stated 722 1 781 1
states 745 1 765 1 768 1 791 1 797 2
statue 744 1
stay 793 1 794 2 795 2
step 702 2
stethoscope 773 1
still 699 1 751 1 776 1
stimuli 722 1
stop 724 1
strange 715 1
streets 748 1
strength 749 1 758 1 769 1 772 1
stress 704 1 706 1
student 722 1 724 1
stuffs 707 1
sub 729 1 731 1
succeed 725 1
success 700 1 703 1 725 1
successfully 747 1
succession 745 1
such 699 1 701 1 771 1 777 1 785 6
sugar 797 1
suggestions 726 1
sun 797 1
supplemental 787 1
support 727 1
sure 794 1
suspected 699 1
swaths 796 1
switch 717 1
swivel 711 1
symptoms 771 1 777 1
syringe 757 1
system 785 1
systems 735 1
t 747 1
table 704 1 706 1 729 9 730 1 731 3 732 3 733 3 734 3 735 2 736 2 738 2
tablets 754 2
take 719 1 720 1 725 1 758 1 770 1 773 1
taken 724 1 751 1 755 1
takes 722 1 796 1
taking 719 1 725 2 726 2 728 1 772 1
talk 750 1
tangent 737 1
tapes—the 723 1
taxes 764 1 794 1
techniques 705 1
technology 775 1
telekinesis 699 3 701 1 702 1 703 1 704 1 708 1
tell 701 1 702 1
tend 772 1
term 783 1
terms 783 1
terrorist 743 1 746 1 747 1
test 719 1 720 4 722 1 724 3 725 2 727 1 728 1 750 3 751 1 752 1 756 1
testing 720 1
tests 723 1 725 1
texas 716 1
th(approximately 728 1
than 745 1 751 1 758 1 759 2 763 3 772 1
that 700 1 702 1 703 1 711 1 715 2 717 2 718 2 720 2 721 1 722 3 724 1 728 1 731 1 742 1 746 1 747 1 748 1 774 1 775 1
that’s 710 1
the 699 2 700 1 701 2 702 3 703 6 704 1 706 2 708 2 709 1 710 4 711 8 712 2 713 1 714 1 715 1 716 2 717 8 718 6 719 3 720 5 721 8 722 4 723 2 724 5 725 5 726 5 727 4 728 1 729 5 730 4 731 7 732 11 733 5 734 4 735 9 736 5 737 5 738 4 739 4 740 1 741 3 742 5 743 1 744 3 745 8 746 7 747 7 748 7 749 4 750 2 751 2 752 4 753 10 754 5 755 2 756 5 757 6 758 2 759 3 761 3 762 2 763 4 764 2 765 4 767 5 768 1 769 5 770 4 771 3 772 5 773 8 774 2 775 1 776 2 777 3 778 9 779 5 780 7 781 3 782 2 783 3 784 1 785 5 786 7 787 5 788 2 789 4 790 7 791 6 792 6 793 2 794 2 795 2 796 4 797 2 798 4
their 716 1 721 1 732 1 735 1 748 1
then 719 1 726 2 728 1 782 1 788 1
there 710 1 730 1 732 1 734 1 735 2 751 2 755 1 764 1
therefore 742 1
there’s 714 1 715 2
thermacell 709 1 710 1 711 2 712 2 713 1 714 1 715 1 716 1 717 1 718 1
thermacell® 713 1
these 730 1 748 1 783 1 796 1
they 716 1 723 1 747 1 748 1 783 1 788 1
thibaut 739 1
things 700 1 701 4 702 3 704 1 705 1 706 1 707 1 708 1
think 701 1 705 1
thinking 701 1 705 1
this 701 5 703 2 709 1 720 1 730 1 745 1 748 1 750 1 752 1 754 1 755 1 757 1 758 2 760 1 761 1 762 2 791 1 792 1 797 1
those 712 1
though 699 1 742 1 748 2
thoughts 702 1 704 2 706 1
three 710 1 718 1 725 1 735 1
threw 748 1
throne 740 1 741 1
through 699 1 703 1 778 1 782 1 788 1
throughout 727 1
tight 718 1
tightly 753 1
time 719 1 760 2 773 1 781 1
times 765 2 769 1 778 1
to 699 2 700 5 701 5 702 3 703 3 704 1 705 1 707 3 708 2 709 3 710 2 711 2 712 1 715 2 716 2 717 1 719 1 720 2 721 3 722 1 724 1 725 3 726 1 727 2 728 2 729 3 731 2 733 5 735 1 737 1 740 1 741 2 742 5 744 1 746 2 747 1 748 1 749 3 750 2 752 2 754 3 755 1 756 4 757 1 758 1 762 2 764 3 765 2 768 1 770 1 772 2 774 2 775 1 776 2 777 1 779 3 780 1 783 1 784 1 786 1 787 4 789 2 790 5 791 1 792 1 793 1 794 1 796 2 798 1
today 741 1
together 774 1 775 1
tool 709 1 727 1
top 704 1 706 1 733 1 755 1 791 1 797 1 798 1
topics 729 1
total 760 1 763 1 766 1
touch 708 1
towards 753 1
towns 796 1
trademark 797 1
train 700 1
training 702 1 704 1
transform 770 1
transition 729 1
transitory 767 1
transmitted 716 1
travelers 789 1 790 2 797 1 798 1
treat 752 1
treatment 750 1 755 2 756 2
trifko 748 1
trig 719 1
trigonometry 723 1
tripadvisor 789 1 790 3 793 2 794 2 795 2 798 1
tripadvisor.com 793 1 795 1
tripadvisor” 793 1 795 1
true 700 1
tv 701 1
two 721 1
tylenol 752 1
tylenol® 758 1
typically 783 1
u.s 767 1 789 2 790 3 798 1
uncertain 784 1
under 766 1
underneath 748 1
understanding 783 1
unemployment 761 1
unified 742 1
unit 767 1
united 745 1 765 1 768 1 791 1 797 2
units 764 1 767 1
unless 773 1
unlock 721 1
unmarried 766 2
until 750 1 776 2
untimed 724 1
unveiled 744 1
up 710 1 713 1 715 1 754 1
upon 754 1
us 793 1
usa 791 1 792 1
use 709 1 710 1 714 1 716 1 720 2 753 1 757 2 758 1
used 709 1 717 1 723 1 752 2 756 1 773 1 783 1 784 1
uses 710 1
using 707 1 753 1 770 1
usually 769 1
valid 793 1
value 750 1 781 1
valued 794 1
variety 787 1
vary 736 1
vertical 731 1 738 2
very 699 1 704 1 706 1 755 1
vessel 769 1
via 741 1 793 2 794 1 795 2
view 705 1
virus 716 2
visit 746 1 748 1 787 1
visualization 700 1
visuals 770 1
volatilizes 717 1
wait 726 2
walls 773 1
want 703 1 747 1 770 1
wanted 747 1
war 745 1
warms 710 1
was 739 2 742 1 747 1 748 2 763 1 798 1
washington 745 1
watch 770 1
wavelength 737 1
way 748 1
ways 712 1 736 1
we 703 1 782 1 788 1
website 787 1
wednesday 762 2
weight 749 1 751 1
well 701 1 753 1 757 1 769 1 771 1 777 1
went 798 1
were 711 1 721 1 740 1 745 1 764 1
west 716 2
what 701 1 705 4 715 1 737 2 750 1
wheel 702 1 704 2 706 1
when 705 1 708 2 709 1 714 3 718 1 720 1 721 1 757 1
wherever 770 1
whether 725 2 769 1 796 1
which 704 1 706 1 717 1 730 1 747 2 759 1 763 1 765 1 769 2 780 1 784 1 786 1
while 736 1 748 1
white 791 1 792 1 797 1
who 742 1 744 1 745 1 746 2 748 1 755 1 780 1 786 1
whom 746 1
why 705 1 777 1
wide 787 1
wide-ranging 722 1
wife 740 1 741 1 746 1 747 1
will 701 1 703 1 718 1 720 1 724 2 725 1 727 2 728 1 793 1 794 2 795 1
wirelessly 775 1
with 700 1 701 5 702 3 703 1 704 1 705 1 706 1 707 2 708 1 710 1 711 1 715 1 717 1 718 1 722 1 723 1 743 1 745 1 750 1 753 2 757 1 758 1 762 3 764 1 770 1 772 1 773 1 774 2 778 1 793 1 798 1
withdraw 753 1 757 1
within 709 1 714 1 736 2 755 1
without 719 1 758 1
working 713 1 771 1 777 1
works 708 1
worry 710 1
would 701 1 748 1
writes 782 1 788 1
writing 723 1 725 1 727 1
wrong 705 1
x 709 1
year-round 796 1
years 741 1 749 1 761 1 766 1
you 701 5 702 2 703 2 704 1 705 4 706 1 708 3 713 1 720 3 721 1 725 2 726 4 728 2 730 1 737 1 746 1 750 4 758 1 762 1 770 2 776 2 787 1 791 1 792 1 793 1
you've 751 1
your 700 4 701 4 702 3 703 2 704 1 705 1 706 1 707 3 708 3 713 1 724 2 725 1 727 2 750 4 753 2 757 2 769 5 770 2 771 1 774 2 776 2 777 2 787 1 789 1 790 1 793 3 794 2 795 2
yourself 712 1 715 1
yourselves 701 1
you’re 712 2 714 1
zip 760 1
zone 760 1
© 721 1 722 1
– 700 2 702 1 704 1 710 1 713 1 716 1
— 797 1
“appliance” 712 1 715 1
“book 793 1 795 1
“mind 708 1
“test 720 1
“the 797 1
 719 3
