0.3 596 1
1 499 1 502 1 507 1 526 1 540 2 541 1 547 1 551 1 566 2 569 1 570 1 571 1
1,286 520 1
1,476 520 1
1,929 520 1
1,952 520 1
1,964 520 1
1,965 522 1
1,988 522 1
1-0 550 1
1/4 593 1
10 499 1 520 1
102 593 3
10¢ 566 1
11 500 1
11.61 519 1 523 1
110 548 1 593 2
12.5-13.5 589 1
12/15/2014 560 1
124 561 1
13 592 1 595 1 598 1
14 520 1 598 1
15 520 1
1580s 535 1
16,760 521 1
1630s 535 1
17 520 1
17,084 522 1
18 520 1 521 2 522 1
19 520 1
19.97 519 1 523 1
1900 549 1 555 1
1901 556 1
1903 553 1 557 1
1904 553 1
1906 551 1 557 1
1919 551 2
1940's 559 1
1971 562 1 564 1
1976 565 1
1977 561 1
1995 584 1
1:05 573 1
1st 550 1
2 499 1 507 1 526 1 529 1 540 1 551 1 565 1 569 1 570 1
2,027 520 1
2,067 520 1
2,116 520 1
2,228 520 1
2,358 520 1
2,633 520 1
20 520 1
2000 519 1 523 1 526 1
2001 526 1
2002 526 1
2003 526 1
2004 526 1
2005 526 1
2006 526 1 581 1
2007 526 1 562 1 568 1
2008 526 1
2009 526 1 562 1
2010 526 1 567 1
2010-2014 519 1 523 1
2011 526 1
2012 526 1
2013 526 1
2014 526 1 566 1 573 1
2015 526 1 566 1
2016 524 1 526 1 527 1
2017 524 1 527 1 566 1
2018 566 1
21 520 1
21.14 519 1 523 1
22 520 1
22-26 589 1
23 573 1
230 551 1
24 520 1
25 520 1
27-31 550 1
28 592 1 595 1
28.5 598 1
29 520 1 541 1 561 1
294.44 525 1
2nd 550 1
3 540 1 541 1 570 1 576 1
30 520 1 593 1
30,304 520 1
30,649 528 1
34 520 1
35 520 1
36,238 528 1
36,355 521 1
39 520 1
4 570 1 574 1 576 1
40 520 1 567 1
42 522 1 561 1
437 520 1
44 520 1 590 1
443 520 1
45 520 1 544 1 592 1 595 1 598 1
45,000 593 1
49 520 1
5 520 2 561 1
50 520 1
500 550 1
52 593 1
53 593 1 595 1
53,115 521 1
54 520 1
57 592 1
6 592 4 593 1 595 3 598 3
60 548 2
60-77 553 1
62 595 1
64.45 566 1
65 544 1 595 1 598 1
66,295 520 1
66,887 528 1
677 584 1
68.26 566 1
688 522 1
69,082 519 1 523 1
7 570 1 578 1
70 548 1
7250 596 1
75 541 1
77.74 525 1
8 502 1 551 1 572 2 592 1 595 1 598 3
8,071.07 525 1
82.73 525 1
89-65 553 1
9 520 1 584 1
907 584 1
91 522 1
948 520 1
96-102 589 1
97,000 590 2
a 500 2 501 2 502 1 504 3 505 1 506 2 507 2 508 1 510 3 514 1 515 1 517 4 518 1 529 3 530 1 531 2 533 3 534 4 535 2 536 3 537 3 538 2 540 1 546 2 547 1 548 2 550 2 553 2 554 1 555 1 556 2 557 1 558 1 559 2 560 2 562 2 564 1 565 2 566 1 572 2 573 2 576 1 577 2 578 1 579 1 581 1 587 1 590 3 591 4 592 1 594 2 595 2 596 2
a9-to-4 561 1
abbreviated 554 1
ability 586 1
able 585 2
about 504 1 514 1 515 1 541 3 544 1 579 1
above 547 1
acceptance 584 1
accompanied 507 1
according 533 1 548 1
account 573 1
ache 502 1 504 1 508 2
act 543 1
activities 505 1
activity 543 1
acts 580 1 582 2
actual 594 1
added 504 1
addition 503 1
address 564 1 573 1
administration 534 1
admissible 587 2
adopted 565 1
adults 503 1 541 1
adults.1 541 1
advances 583 1
affected 501 1
affects 544 2
after 510 1 511 1 551 1 552 1 561 1 563 1 569 1 573 1
again 561 1
against 545 2
age 544 1
agreed 502 1
agricultural 529 1 532 1 537 1
aids 506 1
al 558 1
all 518 1 553 1 559 1 566 1 579 1 587 1
allowed 583 1
almost 561 1
along 564 1
also 501 1 504 1 506 1 509 1 511 1 512 1 513 1 516 1 526 1 565 1 573 1 581 1
alternatively 554 1
although 505 1
amber 518 1
amended 562 1
american 541 1 542 1 551 1 555 1 556 1 557 1 558 2
an 504 1 505 1 529 1 532 1 533 1 536 1 537 1 538 1 546 2 548 1 558 1 572 1 573 1
and 499 1 501 1 502 1 503 4 506 2 509 1 511 1 512 1 513 1 514 2 515 1 516 1 518 3 519 2 520 1 521 1 522 3 523 1 524 1 525 2 526 3 527 1 531 1 533 1 534 2 540 2 541 1 543 4 545 1 548 1 554 1 556 1 558 1 559 4 560 4 562 3 564 1 565 1 566 2 567 1 568 2 570 2 572 3 573 1 574 2 576 1 578 3 579 1 580 1 581 1 582 2 584 1 585 1 586 3 587 2 588 1 590 1 591 2 592 2 594 2 596 2 597 1
annoying 572 1
another 510 1 569 1
answer 533 1 538 1 548 1
any 529 1 537 1 574 2 579 1
anything 568 1 588 1
anywhere 501 1
app 572 2
apparent 565 1
appeals 584 1
appearance 557 1
appreciable 548 1
approval 549 1
approved 565 1 567 1
apps 572 1
appurtenances 592 1 598 1
april 566 1
are 499 1 500 2 507 1 533 1 544 1 551 1 558 2 560 1 562 1 563 2 568 1 570 1 575 1 578 2 579 1 580 2 582 3 585 2 588 1 597 1
area 501 1 536 1 538 1
areas 564 1
arguments 579 1
arkansas 584 2
arm 499 2 502 1 505 5 506 1 508 1
armour 549 1
armpit 500 2 501 1 503 2 504 1 506 1 507 2 508 2
armpits 501 1
armpit” 506 1
arterial 543 1 546 3 548 2
arteries 539 1 548 1
artery 545 2
as 503 1 504 1 506 1 508 2 511 1 514 1 515 1 519 1 523 1 529 1 537 1 542 1 544 2 545 1 546 1 549 1 550 2 551 2 554 2 555 1 556 1 557 2 558 1 564 1 569 2 570 2 571 1 572 1 573 1 575 1 576 3 581 1 585 1 587 1 588 2 594 1 595 1
ask 569 1
asks 576 1
assistance 597 1
association 542 1
at 503 1 504 2 514 1 515 1 550 2 558 1 579 2 588 1
attached 592 1
attaches 591 1
authentic 585 1
available 575 1 578 1
average 519 2 523 2 525 5 546 2 551 1
away 538 1 575 1
axle 596 2
axles 590 1 596 1
b 596 1
baca 512 1 513 1 516 1
back 550 1 553 1 559 1
bacteria 507 1
bacterial 501 1
ban 549 1
banned 551 1
baroreceptors 543 1
baseball 551 1 555 1 558 2
based 558 1
basics 514 1
batting 551 1
be 500 1 501 1 503 4 508 2 509 1 511 2 512 1 513 1 516 1 540 1 547 1 548 1 557 1 562 1 569 1 576 1 579 2 580 1 581 1 585 2 588 1 590 1 594 1 596 1 597 1
beaches 564 1
beat 556 1
beating 557 1
beats 545 2
became 549 1
because 501 1 566 1 571 1
become 507 1
been 504 1 583 1
beer 559 2 562 1
before 587 1
begin 557 1
beginning 579 1
behave 510 1 517 1
behind 596 1
below 548 1 560 1
beneath 570 1 578 1
between 545 1
beverage 560 3 562 1 566 1
beyond 536 1 538 1
bho 518 1
bill 559 1 561 2 562 2 563 1 564 4 565 3 566 1 568 2
bill(h.b 561 1
bills 560 1 563 1
binding 565 1
bit 531 1
bite 568 1
black 525 1 551 1
blood 539 4 541 3 542 5 543 1 544 3 545 6 546 1 547 1 548 2
blowing 511 1
body 501 1
boils 507 1
bones 505 1
borne 591 1
boston 550 1
both 584 1 587 1 591 1
bottle 559 1 560 1 561 2 562 2 563 2 564 3 565 2 568 2
bottles 559 2 560 1 562 2 568 1
bounced 572 1
boy 518 1
bp 539 1
brachial 508 1
brain 543 1 548 1
brand 559 1
breast 503 1
bring 559 1
brother 573 1
browse 578 1
browser 569 1 570 1 571 3 576 2
browsers 578 1
budder 514 2 515 1
build 534 2
bureau 526 2
bustling 509 1 511 1 512 1 513 1 516 1
but 503 1 509 1 511 1 512 1 513 1 516 1 531 1 555 1 567 1 597 1
by 503 1 504 1 505 1 506 1 507 1 512 1 513 1 516 1 526 1 535 2 542 1 543 2 544 1 558 1 559 1 561 2 565 1 580 1 581 1 584 1 588 1 591 1 594 1 596 1
c 596 1
c.h 597 1
calc 540 1
calcs 540 1
california 565 1
called 555 1 563 1
camper 592 2
camping 595 1
can 500 2 501 2 503 3 505 1 506 2 507 3 509 1 510 1 511 2 512 1 513 1 514 1 515 1 516 1 526 1 548 1 575 2 578 1 588 1 589 1
candle 531 1
cannabist 512 1 513 1 516 1
cans 560 1 562 1 568 1
capacity 589 1 593 1
caps 596 1
capture 560 1
car 592 1
carbonated 562 2
cardiac 543 1 546 1
carrier 594 1
carry 582 1
case 587 1
cases 583 1
categories 582 1
cause 499 1 505 1 506 3 507 2 508 1
caused 504 1 505 1 506 1
causes 501 1 503 3 507 1
causing 508 1
census 526 2
center 567 1 596 1
centers 567 1
central 558 1
certain 595 1 598 1
cf 535 1
chain 585 1
champions 556 1
championship 557 1
change 572 1 575 1
changing 572 1
charles 549 1
chart 560 1
charter 555 1
charts 588 1
check 574 1 577 1
chest 503 1
chicago 549 2 550 1 552 1 554 2 555 4 556 1 557 1 558 2
chicago's 549 1
chickenpox 506 1
children 503 1
choose 570 3 575 1 576 2 578 1
chronic 503 1
circulating 539 1
circulation 539 1
citation 560 1
cities 523 1
citizens 580 1
city 567 1
city's 558 1
cleaning 589 1
clear 535 1 556 1
click 570 1 572 1 573 1 574 2 575 1 576 1 578 1
clicking 573 1
client 572 2 574 1 575 2
climbs 553 1
clinical 547 1
closer 514 1 515 1
clothes 588 1
club 555 2 558 1
cohen 502 2
collect 559 1
colorado’s 509 1 511 1 512 1 513 1 516 1
combination 595 1
combinations 596 1
comiskey 549 1
commission 567 1
committee 561 1
commodities 589 1
common 499 1 503 1 534 1
compete 558 1
competence 586 1
computer 573 1 575 1
concentrate 514 1
concentrates 509 1 511 1 512 1 513 1 514 2 515 2 516 1
concentration 500 1 501 1
condition 544 1
congress 580 1 582 1
connecticut 565 1
considered 542 1 561 1 581 1
considering 565 1
contact 597 1
container 560 2 563 3
container-deposit 562 1
containers 560 2 562 2 566 1
contains 560 1
content 526 1
contention 553 1
contentious 563 1
continue 530 1
continues 514 1 515 1
control 567 1 570 1 578 1
controlling 542 1
controversial 509 1 511 1 512 1 513 1 516 1
convince 586 1
cor 526 1
coronary 548 1
could 503 1 508 2
country 580 1
couple 504 1
court 580 1 583 1 584 3 585 1 586 1
courts 583 1
created 564 1 580 1
creator 585 1
criminal 580 1 582 2 586 1 587 1
crosstown 557 1
croupier's 529 1 537 1
cubs 549 1 550 1 552 1 554 1 557 1
cuff 499 2
curbside 568 1
current 524 1 575 1
custody 585 1
cut 529 1 532 1 537 1
cycle 546 1
dabbing 509 1 511 1 512 1 513 1 516 1
dabs 514 1 515 1
dairy 566 1
damages 506 1
dang 569 1
dangerous 511 1
danish 535 1
data 594 1
december 581 1
decides 582 1
decision 581 1
default 569 1 570 3 571 1 572 2 573 3 574 3 575 2 576 2 577 2 578 2
defaults 569 1
defence 584 1
defending 556 1
defense 587 1
defined 546 1
definition 532 1
definitive 594 1
delaware 565 1
demographics 524 1 526 1 527 1
demonstrative 588 1
density 525 3
dependent 586 1
depending 503 1 543 1 547 1 597 1
deposit 559 2 560 2 563 3 566 1
deposit-refund 560 1
deposits 562 1
deprived 548 1
describe 546 1
design 591 1
designated 598 1
designed 540 1 560 1
desktop 572 2
determine 581 1
develop 544 1
diagnose 542 1
diagnosed 504 1 540 1
diagnosis 540 1
diagrams 588 1
diastolic 545 1
dictionary.com 532 1
did 518 1 557 1 559 1 567 1
different 572 1 578 1 591 1
digital 583 2 584 1 586 2
dilemma 568 1
dimensions 593 1 597 2
disappointing 553 1
discomfort 505 1
disease 540 1
diseasediagnosis 540 1
dislocation 506 2
distilled 566 1
distinctly 591 1
distributor-run 567 1
district 580 1
division 558 1
do 514 1 515 1 563 1 574 1
dock 594 1
doctor 502 1
document 585 1
documents 579 1 585 1
does 573 1
don't 577 1
doodle 569 1
door 593 2
double 596 1
down 502 1
dr 502 2
drink 562 1
drive 596 1
dry 593 1
due 551 1
dueled 550 1
dull 502 1 506 1 507 1 508 2
during 544 1 546 1
each 534 1 560 1 590 1
earlier 504 1
early 567 1
eave 530 2 536 3 538 4
edge 530 1 536 2 538 1
editorial 568 1
educated 523 1
education 525 1
effect 510 1 517 1
effective 566 2
effects 510 1
efforts 563 1
eight 555 1
elbow 499 1
else 572 1
email 572 3 573 3 574 4 575 6 576 2 577 2 578 2
emails 575 1 577 2
emotional 543 1
emptied 559 1
encompasses 581 1
end 550 1 557 1
ended 557 1
endocrine 543 1
english 535 1
enough 548 1
entered 579 1 585 1 587 1
entering 556 1
epicwax 518 1
equipment 592 1 594 1 595 1 597 1
especially 534 1
established 555 1
etc 534 1 535 1
even 569 1
every 518 1 541 1 569 1
everyday 505 1
everyone 541 1
evidence 579 2 581 3 583 2 584 1 585 3 586 3 587 5 588 3
evident 583 1
exactly 518 1
exam 508 1
example 576 1
except 566 1
excessive 507 1
excluding 592 1 595 1 598 1
exercising 505 1
exerting 545 2
exhibit's 579 1
exhibits 579 3 588 2
exist 567 1
expands 566 1
experienced 503 1 568 1
experiences 505 1
experimental 567 1
expert 586 1
explorer 569 2 571 1
exposure 507 1
extend 503 1
exterior 536 1 538 1
facets 509 1 511 1 512 1 513 1 516 1
fact 504 1 581 1
factors 541 1 585 1
facts 541 1 581 1 584 1
fall 582 1
falling 553 1
falls 548 1 559 1
families 521 1
family 522 1
fastest-growing 509 1 511 1 512 1 513 1 516 1
federal 580 3
feet 589 2 592 5 595 7 598 8
felonies 582 3
female 503 1 522 3 528 1
fenway 550 1
fetch 531 1
field 558 1
fifth 591 1 595 1 596 1
file 510 1 574 1
files 534 1 572 1
finally 503 1 518 1
find 575 1 576 1
fine 573 1
finishing 553 1
firefox 573 1 576 1
first 553 1 556 1 557 2 563 1 564 1 567 1
fit 554 1
fixing 551 1
fl 519 1 523 1
florida 524 1 527 1
fluids 547 1
follicles 500 2
follow 518 1 570 1 578 1
for 502 1 509 1 511 1 512 1 513 1 516 1 526 1 527 1 529 3 532 2 533 2 534 1 537 3 541 1 544 2 548 2 551 1 559 2 560 2 567 1 576 1 577 2 590 1 594 2 595 1 597 3
forget 577 1
form 529 1 537 1
former 549 1
forms 514 1 515 1
formula 566 1
foundation 579 1
franchise 556 1 557 1
franchises 555 1
freight 594 1 597 1
from 499 1 502 1 518 1 530 1 535 5 536 2 538 2 551 1 570 1 572 2 574 1 575 1 576 1 583 1 585 1 597 1
front 574 1
full 533 1
function 540 1
fungal 501 1
furniture 589 1
further 539 1 566 1
gain 583 1
games 553 1 557 1 558 1
gaming 529 1 537 1
garages 511 1
garza 550 1
gate 589 1
gather 535 1
gathering 529 2 532 1 537 2
general 590 1 597 1
getting 502 1 579 1
give 573 1
glands 507 2
glandular 507 1
glass 518 1
globalrph 548 1
gmail 573 3
go 569 1 571 1
goal 547 1
good 533 1
got 518 1 550 1
govern 581 1
gradient 510 2 517 2
grain 535 1
graphic 510 1
grass 529 1 532 1 535 1 537 1
green 564 1
gross 590 1
ground 529 1 532 1 537 1
grout 533 2
grow 514 1 515 1
growing 564 1
growth 519 1 523 1
guam 560 1
guaranteed 558 1
guide 540 1 577 2 594 1
gunfire 535 1
h 593 2
had 559 1
hair 500 2
hand 502 1
hand-held 533 1
hangs 536 1 538 1
hardened 507 1
has 504 1 564 1
hash 509 1 511 1 512 1 513 2 516 1
hauled 589 1
have 511 1 541 1 542 2 551 1 560 1 563 1 565 1 568 1 573 2 583 3 590 1 591 1
having 529 1 537 1
hay 529 1 532 1 537 1
hbp 542 1
heading 570 1 578 1
headlines 554 1
health/disease 543 1
hearing 579 2 588 1
heart 542 1 545 2
heat 507 1
heavy 505 1
height 592 1 595 1 598 1
heights 589 1
held 558 1
hella 518 1
help 500 1 540 1
here 562 1
here’s 572 1
high 500 1 507 1 541 3 542 2 544 2 550 1
higher 519 1 523 1 525 2
highways 564 1
him 531 1
his 549 1 568 1
hitch 591 1
hitless 551 1
hod 504 1
hodges 568 1
holds 585 1
home 500 1 522 1 558 1 592 2 598 2
homes 522 3 595 1
hometown 549 1
hotel 511 1
hours 561 1
house 538 1 561 1 592 1
households 520 1 522 2
how 510 1 513 1 517 1 518 3 545 2 572 1
however 544 1 557 1 575 1
http://howtech.tv 577 1
humber 550 1
hygiene 507 1
hypertension 542 1
i 504 1 518 3 573 3
if 507 2 542 1 548 1 559 1 568 1 575 1 585 1 587 1
ignored 504 1
illustrates 588 1
illustrative 594 1
illustrator 510 1
im 504 1
imaging 584 1
implement 529 2 532 1 537 2
implements 529 1 537 1
implicit 584 1
import 510 1
important 541 1 587 2
improve 550 1
in 499 2 501 2 502 1 503 2 504 1 505 2 506 1 507 1 508 2 510 1 514 1 515 1 519 1 520 2 521 2 522 3 523 2 524 1 525 1 527 1 528 1 529 1 534 2 535 1 537 1 539 1 543 1 546 2 549 1 551 1 553 2 554 1 555 1 556 1 557 3 558 2 559 1 561 1 562 4 563 3 564 2 565 2 566 2 567 3 568 1 569 1 570 1 571 1 572 1 573 2 574 3 576 1 577 2 578 2 580 1 581 2 582 1 583 3 584 1 585 1 586 1 587 1 590 2 594 1
inadmissible 585 1
inaugural 556 1
incessantly 569 1
inches 589 1 592 4 595 3 598 3
include 566 1 588 1 589 1
including 505 1
increase 566 1
increased 596 1
indicates 545 2
individual 546 1
industry 509 1 511 1 512 1 513 1 516 1
infant 566 1
infected 507 2
infection 500 1 501 1
infections 506 2 507 1
inflamed 500 1
inflammation 501 1 505 1 507 1
influence 543 1
influenced 543 1
information 583 1 597 1
initiatives 564 1
injury 499 2 505 1
inotropes 547 1
inputs 540 1
inside 593 2
instagram 518 1
install 576 1
internet 569 2 571 1 576 3 578 1
into 502 1 510 1 549 1 553 1 572 1 579 2 582 1 586 1
introduced 564 1 579 1
inventory 576 1
iowa 565 1
irritation 505 1 508 1
is 500 1 501 1 502 1 504 1 505 1 509 1 510 1 511 1 512 1 513 2 516 1 517 1 518 1 519 4 523 4 525 6 530 2 533 1 534 3 535 1 536 5 538 4 539 1 540 1 541 1 542 2 543 2 545 4 546 2 547 1 548 2 558 1 562 1 565 1 569 1 571 1 572 2 573 1 575 2 576 1 584 1 585 1 586 2 587 5 590 1 591 1 594 1
isn’t 576 1
issue 573 1
it 503 1 506 1 507 2 518 2 519 1 523 1 530 1 535 2 536 2 538 1 541 1 543 1 546 1 556 1 561 1 562 1 571 2 572 1 573 2 575 1 576 2 585 2 587 3
itching 505 1
its 541 1 557 1 572 1 581 1 591 1
itself 586 1
jahgift420 518 1
january 566 1
jerry 558 1
job 559 1
johnson 549 1
joint 499 1
joints 505 1
judge 587 1
july 550 1
june 550 1
jury 587 1
just 573 1
keep 538 1
key 510 1 517 1 542 1
kg 596 1
kidneys 548 1
kingdom 590 2
know 518 1 541 1 542 1
knowledge 586 1
known 549 1 551 2 554 1 557 1 581 1
l 593 1
landed 553 1
large 539 1
laser 573 1
last 574 1 596 1
later 510 1 517 1 567 1
lauderhill 519 2 520 1 521 1 522 1 523 1 524 1 525 3 527 1 528 1
law 560 1 566 1 581 1
laws 560 2 580 3
lay 579 1
layer 510 3 517 3
lb 590 2
lbs 593 1
lead 507 1 522 1 596 2
leading 586 1
league 549 2 551 1 555 1 556 3 557 1 558 2
league's 555 1
learn 541 1 542 1
learned 511 1
least 523 1
led 522 3 583 1
left 499 1 500 1 503 1 508 1
legal 581 2
legislation 562 1 563 4
legislature 565 1
length 548 1 592 3 595 2 598 3
lengths 589 1
less 582 1
let 503 1
lettered 579 1
level 525 1
levels 544 1
lifetimes 544 1
lift 589 1
lifting 505 1
light 531 1
like 529 1 532 1 535 1 537 1 562 1 568 1 572 1
likely 544 1
limit 596 2
limits 596 1
link 570 1 572 1 578 1
liquor 566 1 567 1
list 534 1 570 1 576 2
litter 560 1 564 1
little 531 1
living 521 1
load 597 2
local 554 1 568 1 578 1 589 1
located 558 1 596 1
location 503 1
look 503 1 514 1 515 1
lost 535 1
lot 518 1
low 518 1
lower 519 1 523 1 525 2 545 1
lumps 501 1
lymph 501 1 504 1
lymphadenitis 501 1
lymphoma 507 1
lyphoma 504 1
made 513 1 518 2 557 1 559 1 579 1
mail 572 2 574 1
mailto 572 1
main 514 1 515 1
maine 565 1
major 555 1 556 1 558 1
make 509 1 510 2 511 1 512 1 513 1 516 1 517 3 518 1 534 3
making 510 1 517 1 572 1
male 503 1 520 1 522 3 528 1
management 534 1 547 1
manufacturer 594 1
many 511 1 514 1 515 1
map 546 1 547 1
maps 588 1
march 561 1
marijuana 509 1 511 1 512 1 513 1 516 1
massaging 504 1
match 531 1
material 589 2
matt 550 1
maximum 590 1
may 499 1 503 1 550 1 579 1 582 1 585 1 597 1
me 518 2
mean 545 1 546 2 548 2
measles 506 1
measures 565 1
mechanics 579 1
med 540 1
med-health.net 506 1
medicine 546 1
meets 587 1
member 558 1
men 503 1 544 2
men.2 544 1
menu 574 1
meters 596 1
michigan 565 2
mid-13c 535 1
might 506 1
mild 503 1
mile 525 3
milk 566 1
million 541 1
minimum 548 1 562 1
minnesota 584 1
mirrors 592 1 598 1
misdemeanors 582 3
mlb 558 1
moment 504 1
money 529 1 535 1 537 1
more 503 1 510 1 517 1 519 1 523 1 532 1 541 1 544 2 578 1 579 1 582 1 583 1 590 1 596 1
moretreatment 540 1
most 499 1 523 1 525 1
motor 592 2 595 1 598 2
moved 549 1
movements 499 1
much 519 1 523 1 525 2 545 2 591 1
multitool 533 1
muscles 505 1
music 572 1
must 580 1 581 2 585 2 590 1 596 1
my 573 3
n.1 535 1
name 549 1 552 1 553 1 554 3
named 552 1
national 519 1 523 1 525 2 549 1
natural 500 1
nearby 503 1
nearly 567 1
neck 502 1
need 508 1 569 1 571 1 579 1
needles 502 1
neighborhood 549 1
nerve 502 1 506 1
nervous 543 1
new 572 2 576 2
newspapers 554 1
nicknames 551 1
no 569 1 571 1 573 1
nodes 501 1 504 1
noise 531 1
non 504 1
nooner 584 1
normal 542 1 548 1
not 557 1 563 1 567 1 573 1 575 1 581 1 584 1 587 1 594 1 596 1
note 550 1
nourish 548 1
november 565 1
now 502 1 503 1 549 1 557 1 574 1 585 1
number 500 1 545 2 578 1
numbered 579 1
numbers 542 1 545 2
numbness 505 1 506 1
numerical 540 1
objections 579 1
objects 505 1 588 1
occur 501 1 507 1
occurring 500 1
october 584 1
of 499 4 500 2 501 2 503 1 504 2 505 2 507 1 508 1 509 2 511 2 512 2 513 2 514 2 515 2 516 2 518 1 519 4 522 4 523 4 525 3 529 2 530 2 531 1 532 1 534 2 535 1 536 5 537 2 538 5 539 3 540 2 541 1 548 3 549 3 552 1 553 2 554 1 555 1 556 2 557 1 558 1 560 1 561 1 562 2 565 1 568 1 569 1 571 2 574 1 578 1 579 2 580 1 581 4 582 2 583 2 584 6 585 1 586 4 587 1 590 2 591 1 595 1 596 4 598 1
off 534 1
offenses 580 1 582 1
office 589 1
officers 579 1
often 563 1
oil 514 2 515 1
ok 576 1
old 522 1 535 1 544 2
older 544 1
on 500 1 503 3 508 1 510 1 517 1 518 2 526 1 529 1 537 1 539 1 543 1 547 1 550 3 558 1 559 2 561 1 565 1 572 2 573 2 574 2 575 1 586 1 590 1 595 1 596 4 597 1 598 2
one 509 1 511 1 512 1 513 1 516 1 555 1 575 1 576 1 578 1 579 1 582 2
ones 534 1 582 1
only 542 1 561 1 580 1 594 2 595 1 597 1
open 570 1 572 1 574 1 578 1
opening 572 1 593 1
opens 573 1
opposed 561 1
option 570 1 573 1 574 2 575 1 576 1
or 499 1 500 1 501 1 503 3 505 4 507 2 510 2 511 1 517 1 529 3 530 1 532 3 535 3 536 2 537 3 538 1 542 1 544 1 547 2 560 1 566 1 572 1 576 1 578 1 579 4 580 1 581 1 582 1 587 1 588 2 590 1 592 2 595 1
order 574 1 590 2
oregon 562 4 563 1 564 1 565 1 567 3
oregon's 568 1
oregon’s 564 1
organs 548 1
original 552 1 554 1 585 1
originally 554 1 555 1
orphans 549 1
oscillating 533 1
other 503 1 506 1 509 1 511 1 512 1 513 1 516 1 518 1 534 2 560 1 562 1 564 2 585 1 588 1
others 561 1
otherwise 583 1
our 577 1
out 540 1 550 1 577 1
outer 530 1 536 2 538 1
outlook 572 1
output 543 1
outputsformula 540 1
over 521 1 550 1 551 1 564 1
owned 558 1
oxygen 548 1
page 573 1
paid 559 1
pain 499 3 500 1 501 1 502 1 503 3 505 3 506 2 507 2
painful 499 1
pallets 593 1
panel 570 1 578 1
park 550 1 595 1
part 595 1
partner 522 4
parts 503 2
pass 563 1
passed 562 1 563 1
patch 507 1
patient 504 1
patients 547 1
pdf-255k 541 1
pdfs 572 1
peak 530 1 536 2 538 1
people 518 1 525 3 544 2
per 525 3
perceived 588 1
peripheral 543 1
permits 597 1
permitted 590 2
perpendicular 530 1 536 2 538 1
person 505 1 585 1
phillip 550 1
photos 572 1 588 1
photoshop 510 1
physical 508 1
pick 559 1 578 1
pins 502 1
place 553 3
planning 594 1
plant-based 566 1
plastic 562 1
players 551 1 552 1
playing 505 1
please 597 1
plexus 508 1
pm 573 1
politically 563 1
poor 507 1
popularity 514 1 515 1
popularly 563 1
popularmechanics 533 1
population 519 3 520 3 521 4 522 5 523 2 524 1 525 2 527 1 528 4
portion 508 1
position 596 1
posting 504 1
preceding 569 1 571 1
predict 540 1
preferred 569 1 571 1
prejudiced 587 1
present 522 1
presentation 583 1
presented 584 1 588 1
presents 585 1
president 549 1
pressure 539 4 541 2 542 5 543 1 544 3 545 6 546 4 548 2
pressure—that’s 541 1
pretty 559 1
prevalent 525 1
preventing 572 1
principles 581 1
printer 573 1
prison 582 1
probability 540 1
problem 507 1 564 1
proceeding 581 1
process 586 1
produce 511 1
products 547 1
professional 558 1
prognosticate 540 1
program 510 1 569 1 570 2 572 1 573 2 574 3 575 2 576 4 577 2
programs 569 1 570 4 576 3 578 4
prompted 564 1
prone 500 1
proof 581 1
proper 579 1
proposal 565 1
prosecuted 580 1
prosecution 587 1
prosecutor 586 1
protocolsalgorithm 540 1
prove 585 1
provide 526 1
provided 526 1 594 1 597 1
public 564 1
published 513 1 516 1
purpose 538 1
purposes 594 1 597 1
qualifications 586 1
quality 586 1
questions 514 1 515 1
quick 538 1 548 1
quite 509 1 511 1 512 1 513 1 516 1
race 525 1
races 519 1
radiates 499 1
radiating 507 1
rage 535 1
rails 534 1
rainwater 538 1
raka 535 1
rake 530 1 531 1 532 1 533 2 534 4 535 3 536 2 538 1
raked 535 1
rakefile 534 1
raking 535 3
range 548 1
rate 519 3 523 3 558 1
reaching 581 1
reaction 501 1
readers 578 1
reading 530 1
real 588 2
rear 598 1
received 551 1
recent 565 1
reception 586 1
recipient 574 1
recommend 504 1
recommended 533 1 542 1
record 553 2
recorded 545 1
recycling 560 1 568 1
red 550 1
redemption 566 1 567 2
reduce 560 1
reference 554 1 594 1
referendum 565 1
referred 587 1
refers 539 1
refund 562 1 566 1
refundable 562 1
regardless 571 1
region 499 1
regulated 543 1
regulations 597 2
reinsdorf 558 1
rejected 561 1
related 535 2
relative 543 1
relevance 579 1
relevant 587 1
reliability 579 1
reliable 587 1
remedies 500 1
removed 596 1
removing 533 1
render 585 1
repeat 576 1
replaced 596 1
replaces 534 1
reports 573 1
represent 525 1
representative 597 1
representatives 561 1
represents 588 1
require 579 1
required 548 1 597 1
requirement 596 1
requirements 587 1 597 1
requires 562 1
resistance 543 1
resting 545 1
result 582 1 591 1
returnable 562 1
returns 568 1
ricardo 512 1 513 1 516 1
richard 568 1
ridge 530 1 536 2 538 1
right 500 1 502 2 503 2 508 1 574 1 575 1
rigid 591 1
risk 541 1
roads 590 1 595 1 598 2
robinson 597 1
roof 530 2 536 5 538 3
rooms 511 1
rotator 499 2
rubbish 535 1
ruby 534 2
rules 581 3
ruling 584 1
run 569 1 571 1
runs 530 1 536 2 538 1 571 1
rv 592 1
s.w.2d 584 1
safeguard 580 1
safety 592 1 595 1
saints 549 1
same 566 1 573 1
say 559 1
scandinavian 535 1
scenario 547 1
screen 574 1
season 553 1 556 2 557 2
second 596 1
see 532 1
select 574 1
self-propelled 592 1
semi-trailer 590 3 591 2
semitrailer 596 1
send 574 2 575 2
sending 577 2
sense 510 1 517 1
senses 588 1
sensitiverule 540 1
sentences 582 2
sep 573 1
separate 510 1 517 1
series 551 1 557 2
set 547 1 569 1 570 3 571 2 573 2 575 1 576 1 578 2
sets 572 1
setting 577 2
seventh 553 1
several 551 1 564 1 578 1
severe 502 1
sharp 499 1 503 1 506 1
shatter 509 2 510 1 511 3 512 2 513 3 514 2 515 1 516 2 517 2 518 1
shattter 510 1 517 1
shingles 500 1
shooting 499 1 503 1
shopping 559 1
short 543 1
shortened 553 1 555 1
should 547 1 594 1
shoulder 499 4 502 1 503 1 506 2
show 585 1
shown 562 1
side 558 1 585 1
sides 500 1
similar 509 1 511 1 512 1 513 1 516 1 529 1 534 1 535 1 537 1 565 1 572 1
simple 508 1 559 1
since 562 1
single 546 1
site 577 1
situation 543 1
six 553 1 557 1
skill 586 1
skin 505 1
sleeping 508 1
sm 533 1
smoothing 529 1 532 1 537 1
so 501 1 514 1 515 1 574 1
soft 562 1
software 534 1 576 1
softwares 575 1
sold 562 2
solid 553 1
some 499 1 503 1 569 1 579 1 580 1 583 1
something 508 1 535 1 572 1
sometimes 571 1 579 1
soon 555 1
sophisticated 534 1
soreness 505 1
source 535 1
south 558 1
sox 550 3 551 3 553 1 554 2 555 2 556 2 557 1 558 2
special 590 1
specific 503 1 576 1
specification 539 1
specify 569 1 570 1 578 1
sports 505 1
spurred 565 1
square 525 3 549 1
stable 518 1
staff 512 1 513 1 516 1
standalone 534 1
standard 594 1 597 1
standards 589 1
state 519 1 523 1 525 2 543 1 560 2 562 1 580 1 584 1 597 3
state's 565 1
stated 584 1
states 543 1 560 1 563 4 580 1 582 1
statisics 526 1
stats 524 1
statutes 580 1
steering 596 1
step 574 2
stephen 502 1
steps 569 1 570 1 571 1 576 1 578 1
stgo 590 1
stiffness 543 1
still 509 1 511 1 512 1 513 1 516 1 597 1
stockings 549 1 552 1 553 1 554 1 555 1 557 1
stoked 518 1
stox 554 1
straight 589 1 596 1
strongly 504 1
structures 505 1
struggle 553 1
subcategory 540 1
success 565 1
such 503 1 506 1 554 1 563 1 569 1 576 1 586 1 588 2
sudden 499 1
sufferer 504 1
suggested 540 1
summary 560 1
supermarket 568 1
supplies 589 1
supply 548 1
supported 561 1
supreme 584 1
sure 508 1
surface 529 1 532 1 537 1
sweat 507 1
sweating 507 1
swedish 535 1
swelling 506 1
swept 550 1
swing 593 1
symptom 500 1
symptoms 499 1
system 560 1
systemic 539 1
systems 534 1 543 1
systolic 545 1
t 590 1
table 529 1 537 1
take 514 1 515 1
taking 514 1 515 1
tangible 588 1
task 534 1
tasks 534 2
team 549 1 551 1 553 1 555 1 556 1 558 2
teams 551 1
techniques 583 2
technology 583 1
teeth 529 1 532 1 537 1
tells 510 1 517 1
temps 518 1
ten 560 1 563 1
tendered 586 1
term 543 1 546 1
tested 542 1
testimony 561 1 588 1
than 519 3 523 3 525 4 544 3 578 1 579 1 582 1 583 1 588 1 591 1 596 1
that 500 2 504 3 510 1 514 1 515 1 517 1 518 2 530 1 531 1 534 2 536 3 538 2 540 1 547 1 552 1 553 1 556 1 557 1 563 2 565 1 566 1 573 1 575 1 579 1 581 1 582 1 584 1 585 3 586 1 587 1 588 2 591 1 596 1
the 499 4 501 5 503 5 504 3 505 4 506 1 507 3 509 1 510 3 511 1 512 2 513 2 514 3 515 3 516 2 517 3 519 4 523 4 525 8 526 4 529 3 530 6 531 1 532 3 533 1 534 1 536 12 537 3 538 12 539 4 541 1 542 2 543 2 544 1 545 4 546 2 547 1 548 1 549 6 550 4 551 7 552 3 553 2 554 7 555 4 556 7 557 8 558 5 559 8 560 1 561 5 562 3 563 4 564 5 565 3 566 4 567 2 568 2 569 4 570 6 571 3 572 5 574 4 575 4 576 6 578 4 579 5 580 2 581 5 582 1 583 4 584 6 585 5 586 9 587 3 588 3 590 4 591 3 596 11 597 1
their 511 1 526 1 544 1 551 1 553 1 556 1
them 553 1 559 1 563 1 569 1
then 510 1 568 1 570 1 575 1 578 1 579 1
there 500 1 563 1 573 1 575 1 578 1 585 1
there’s 569 1 571 1
these 499 1 570 1 578 1 581 1 587 1 597 2
they 518 1 545 1 549 1 550 1 569 1
thing 588 1
third 553 1
this 502 1 503 1 507 1 508 1 510 1 514 1 515 1 517 1 555 1 561 1 570 1 572 1 573 1 576 1 577 2 579 1 580 1 594 1
though 576 1 584 1
three 514 1 515 1 590 1
through 569 1 571 1 574 1 577 2
time 518 1 548 1 569 1 579 1
tines 529 1 532 1 537 1
tips 518 1
to 500 2 501 1 503 2 504 1 507 3 508 2 510 3 511 1 514 1 515 1 517 3 518 1 520 10 530 2 531 1 533 1 534 2 535 2 536 4 538 3 539 1 540 2 541 1 542 3 543 1 544 1 546 1 548 4 550 3 551 1 553 2 554 3 555 1 556 1 560 1 562 1 563 1 564 1 566 1 568 1 569 2 570 2 571 2 572 4 574 4 575 2 576 3 577 1 578 1 579 1 580 1 583 3 585 3 586 1 587 2 590 1 591 1 592 2 593 1 595 1 596 1 597 1 598 1
told 518 1
tool 533 1 534 1
tools 505 1 533 1 588 1
total 519 1 520 1 521 1 522 1 523 1 525 1 528 2 543 1 592 1 595 1 598 1
totally 504 1
towards 499 1
tractor 590 1 591 3 596 1
trailer 591 1 592 2 594 1 595 4 596 3 598 2
trailers 597 1
train 596 2
trapped 502 1
trapping 504 1
travel 592 1
treat 500 1
treated 547 1
treatment 540 1
treatmentprognosis 540 1
trial 584 1 588 1
tribune 554 1
trier 581 1
truck 589 1 590 2 591 1 592 1
truckload 597 1
trucks 596 1
try 574 2
tutorial 577 2
two 504 1 545 1 561 1 582 1
type 590 1
types 514 1 515 1
typhoid 506 1
typically 501 1 530 1 536 2 538 1 576 1
typing 505 1
u.s 562 1 564 1 580 1
ui 572 1
uk 590 1
under 520 1 521 1 522 1 547 1
understanding 542 1
united 563 2 580 1 582 1 590 2
unix 534 1
unmarried 522 2
until 557 1
up 509 1 511 2 512 1 513 1 516 1 534 1 570 1 571 1 573 2 577 2 578 2 592 1 593 1 595 1 598 1
upper 545 1
us 503 1 526 1 568 1
use 510 1 517 1 518 1 570 1 575 1 576 1 583 1 590 1 594 1
used 509 1 511 1 512 1 513 1 516 1 534 1 539 1 546 1 594 1
uses 534 1 575 1
usually 505 1 539 1
utility 534 2
v 584 1
valuable 583 1
value 562 1 566 1
values 547 1
van 593 1
varies 543 1 594 1
various 529 1 537 1 575 1 583 1
vary 544 1 597 2
vasodilators 547 1
vasopressors 547 1
veins 504 1
vendor 589 1
verb 535 1
vermont 565 1
very 500 1 518 1 540 1 557 1 564 1
vessels 539 1
via 543 1
video 513 1 514 1 515 1
videos 572 1 588 1
view 598 1
village 567 1
viral 501 1 506 1
virus 506 1
vista 570 1 578 1
vital 548 1
vote 561 1
voters 565 1
vs 580 1
w 593 2
wall 536 1 538 1
walls 538 1 539 1 545 2
want 510 1 517 1 569 1 570 1 576 2
wants 571 1
was 519 1 523 1 555 3 556 1 559 1 561 1 563 1 564 2 566 1 584 1 596 1
water 562 1
way 510 1 517 1 542 1 559 1 578 1
wayside 559 1
weakens 506 1
weapons 588 1
web 569 1 570 1 571 2 576 2 578 1
webpage 572 1
website 526 1
weeks 502 1
weight 590 1 591 1 593 1 596 4
were 551 2 554 1 556 2 559 2 596 1
western 549 1 556 1
we’re 514 1 515 1
what 504 1 508 1 545 1 581 1
what’s 542 1
wheel 591 1 595 1 596 1
when 539 1 545 1 559 1 561 1 572 1 575 1 587 1
whenever 573 1 576 1
where 549 1
whether 569 1 576 1
which 499 1 509 1 511 1 512 1 513 1 516 1 519 1 523 1 525 2 543 1 570 1 571 1 575 2 578 1 582 2
while 545 1 561 1 582 1
white 549 1 550 2 551 2 552 1 553 2 554 2 555 3 556 2 557 2 558 2
who 585 1
width 592 1 595 1 598 3
widths 589 1
will 510 1 517 1 531 1 566 2 574 1 576 1 577 2 579 1 591 1
win 550 1
windows 569 1 570 2 571 2 572 2 573 1 577 2 578 2
wine 566 1
with 505 2 507 1 529 1 532 1 537 1 547 2 549 1 550 1 553 3 557 1 562 2 563 1 573 1 589 1 591 2 595 1 597 1
within 553 1
without 539 1 590 1
witness 579 1
women 503 1 544 3
wonders 551 1
wood 567 1
wore 552 1
work 510 1 517 1
working 505 1
world 551 1 557 2
worst 551 1
worthy 586 1
would 504 1 550 1 557 1 583 1
wrigley 550 1
writing 505 1
wrong 508 1
x 593 7
year 561 1 582 2
years 520 14 521 2 522 1 526 2 544 2 551 1 564 1 565 1 567 1
you 510 2 517 1 531 1 542 1 559 5 568 1 569 2 570 1 571 1 572 1 575 5 576 4 577 2 578 1 579 1
you'd 559 2
you're 518 1
you've 568 1
younger 544 1
your 499 2 500 2 508 2 510 1 542 2 545 6 559 1 570 2 574 4 575 2 576 2 578 2 597 3
you’re 572 1
– 506 2 514 1 515 1
— 509 1 511 1 512 1 513 1 516 1 545 2 588 2
“default.” 576 1
“infections 506 1
